0 1
0 2
0 3
0 4
0 5
1 11
1 12
1 13
1 14
2 30
2 12
2 38
2 39
3 116
3 135
3 13
3 155
4 30
4 135
4 32
4 170
5 171
11 15
11 16
11 17
11 18
12 16
12 40
12 41
13 118
13 17
13 158
14 359
15 20
15 21
15 22
15 23
16 21
16 43
16 44
17 121
17 22
17 159
18 369
20 25
20 26
20 27
20 28
21 26
21 47
21 48
22 125
22 27
22 163
23 377
25 30
25 31
25 32
25 33
26 31
26 49
26 50
27 130
27 32
27 164
28 385
30 35
30 36
31 35
31 56
31 57
32 132
32 166
33 393
35 38
35 58
35 59
36 401
38 40
38 61
38 62
39 410
40 43
40 66
40 67
41 413
43 47
43 72
43 73
44 421
47 49
47 76
47 77
48 432
49 56
49 78
49 79
50 446
56 58
56 81
56 82
57 478
58 61
58 84
58 85
59 481
61 66
61 89
61 90
62 487
66 72
66 91
66 92
67 499
72 76
72 94
72 95
73 519
76 78
76 98
76 99
77 530
78 81
78 103
78 104
79 533
81 84
81 109
81 110
82 539
84 89
84 111
84 112
85 589
89 91
89 116
89 117
90 681
91 94
91 118
91 119
92 697
94 98
94 121
94 122
95 707
98 103
98 125
98 126
99 719
103 109
103 130
103 131
104 731
109 111
109 132
109 133
110 746
111 116
111 135
111 136
112 749
116 118
116 140
117 761
118 121
118 141
119 764
121 125
121 143
122 774
125 130
125 146
126 786
130 132
130 148
131 798
132 135
132 152
133 801
135 153
136 810
140 822
141 825
143 835
146 847
148 856
152 868
153 871
155 880
158 892
159 895
163 907
164 910
166 917
170 929
