0 1
0 2
0 3
0 4
0 5
1 11
1 12
1 13
1 14
2 30
2 12
2 38
2 39
3 116
3 135
3 13
3 155
4 30
4 135
4 32
4 170
11 15
11 16
11 17
11 18
12 16
12 40
12 41
13 118
13 17
13 158
30 25
30 35
30 36
38 35
38 40
38 61
38 62
116 89
116 111
116 118
116 140
135 111
135 132
135 153
32 25
32 27
32 132
32 166
15 20
15 21
15 22
15 23
16 21
16 43
16 44
17 121
17 22
17 159
40 43
40 66
40 67
118 91
118 121
118 141
20 25
20 26
20 27
20 28
21 26
21 47
21 48
22 125
22 27
22 163
43 47
43 72
43 73
121 94
121 125
121 143
25 31
25 33
26 31
26 49
26 50
27 130
27 164
47 49
47 76
47 77
125 98
125 130
125 146
31 35
31 56
31 57
49 56
49 78
49 79
130 103
130 132
130 148
35 58
35 59
56 58
56 81
56 82
132 109
132 152
58 61
58 84
58 85
61 66
61 89
61 90
66 72
66 91
66 92
72 76
72 94
72 95
76 78
76 98
76 99
78 81
78 103
78 104
81 84
81 109
81 110
84 89
84 111
84 112
89 91
89 117
91 94
91 119
94 98
94 122
98 103
98 126
103 109
103 131
109 111
109 133
111 136
